2628	65535	65535	65¦Sr‚‚J1.32
13456	9	62628	65535	65535	65535	0.00	1.32
13464	8	62628	65535	65535	65535	.00	1.32
13472	8	626ÂJ65535	65535	65535	0.00	1.32
13480	8	62628	65535	65535dªªšªJ0.00	1.32
13489	9	62628	65535	65535	65535	0.00	1.32
13498	9	62628	65535	65535	65535	0.00	1.32
13506	8	62628	65535	65535	65535	0.00	1.32
13514	8	62628	65535	65535	65535	0.00	1.32
13523	9	62628	65535	65535	65535	0.00	1.32
13531	8	62628	65535	65535	65535	0.00	1.32
13540	9	62628	65535	65535	65535	0.00	1.32
13548	8	62628	65535	65535	65535	0.00	1.32
13557	9	62628	65535	65535	65535	0.00	1.32
13565	8	62628	65535	65535	65535	0.00	1.32
13573	8	62628	65535	65535	65535	0.00	1.32
13581	8	62628	65535	65535	65535	0.00	1.32
13589	8	62628	65535	65535	65535	0.00	1.32
13598	9	62628	65535	65535	65535	0.00	1.32
13606	8	62628	65535	65535	65535	0.00	1.32
13614	8	62628	65535	65535	65535	0.00	1.32
13622	8	62628	65535	65535	65535	0.00	1.32
13630	8	62628	65535	65535	65535	0.00	1.32
13638	8	62628	65535	65535	65535	0.00	1.32
13646	8	62628	65535	65535	65535	0.00	1.32
13655	9	62628	65535	65535	65535	0.00	1.32
13663	8	62628	65535	65535	65535	0.00	1.32
13671	8	62628	65535	65535	65535	0.00	1.32
13679	8	62628	65535	65535	65535	0.00	1.32
13687	8	62628	65535	65535	65535	0.00	1.32
13696	9	62628	65535	65535	65535	0.00	1.32
13704	8	62628	65535	65535	65535	0.00	1.32
13713	9	62628	65535	65535	65535	0.00	1.32
13721	8	62628	65535	65535	65535	0.00	1.32
13729	8	62628	65535	65535	65535	0.00	1.32
13737	8	62628	65535	65535	65535	0.00	1.32
13746	9	62628	65535	65535	65535	0.00	1.32
13755	9	62628	65535	65535	65535	0.00	1.32
13763	8	62628	65535	65535	65535	0.00	1.32
13771	8	62628	65535	65535	65535	0.00	1.32
13780	9	62628	65535	65535	65535	0.00	1.32
13788	8	62628	65535	65535	65535	0.00	1.32
13796	8	62628	65535	65535	65535	0.00	1.32
13804	8	62628	65535	65535	65535	0.00	1.32
13814	10	62628	65535	65535	65535	0.00	1.32
13822	8	62628	65535	65535	65535	0.00	1.32
13830	8	62628	65535	65535	65535	0.00	1.32
13838	8	62628	65535	65535	65535	0.00	1.32
13847	9	62628	65535	65535	65535	0.00	1.32
13856	9	62628	65535	65535	65535	0.00	1.32
13864	8	62628	65535	65535	65535	0.00	1.32
13872	8	62628	65535	65535	65535	0.00	1.32
13881	9	62628	65535	65535	65535	0.00	1.32
13889	8	62628	65535	65535	65535	0.00	1.32
13897	8	62628	65535	65535	65535	0.00	1.32
13905	8	62628	65535	65535	65535	0.00	1.32
13915	10	62628	65535	65535	65535	0.00	1.32
13923	8	62628	65535	65535	65535	0.00	1.32
13931	8	62628	65535	65535	65535	0.00	1.32
13939	8	62628	65535	65535	65535	0.00	1.32
13948	9	62628	65535	65535	65535	0.00	1.32
13956	8	62628	65535	65535	65535	0.00	1.32
13964	8	62628	65535	65535	65535	0.00	1.32
13973	9	62628	65535	65535	65535	0.00	1.32
13982	9	62628	65535	65535	65535	0.00	1.32
13990	8	62628	65535	65535	65535	0.00	1.32
13998	8	62628	65535	65535	65535	0.00	1.32
14006	8	62628	65535	65535	65535	0.00	1.32
14015	9	62628	65535	65535	65535	0.00	1.32
14023	8	62628	65535	65535	65535	0.00	1.32
14031	8	62628	65535	65535	65535	0.00	1.32
14039	8	62628	65535	65535	65535	0.00	1.32
14048	9	62628	65535	65535	65535	0.00	1.32
14056	8	62628	65535	65535	65535	0.00	1.32
14064	8	62628	65535	65535	65535	0.00	1.32
14073	9	62628	65535	65535	65535	0.00	1.32
14082	9	62628	65535	65535	65535	0.00	1.32
14090	8	62628	65535	65535	65535	0.00	1.32
14098	8	62628	65535	65535	65535	0.00	1.32
14106	8	62628	65535	65535	65535	0.00	1.32
14115	9	62628	65535	65535	65535	0.00	1.32
14123	8	62628	65535	65535	65535	0.00	1.32
14132	9	62628	65535	65535	65535	0.00	1.32
14140	8	62628	65535	65535	65535	0.00	1.32
14148	8	62628	65535	65535	65535	0.00	1.32
14156	8	62628	65535	65535	65535	0.00	1.32
14164	8	62628	65535	65535	65535	0.00	1.32
14172	8	62628	65535	65535	65535	0.00	1.32
14180	8	62628	65535	65535	65535	0.00	1.32
14189	9	62628	65535	65535	65535	0.00	1.32
14197	8	62628	65535	65535	65535	0.00	1.32
14205	8	62628	65535	65535	65535	0.00	1.32
14213	8	62628	65535	65535	65535	0.00	1.32
14221	8	62628	65535	65535	65535	0.00	1.32
14230	9	62628	65535	65535	65535	0.00	1.32
14238	8	62628	65535	65535	65535	0.00	1.32
14246	8	62628	65535	65535	65535	0.00	1.32
14254	8	62628	65535	65535	65535	0.00	1.32
14262	8	62628	65535	65535	65535	0.00	1.32
14271	9	62628	65535	65535	65535	0.00	1.32
14279	8	62628	65535	65535	65535	0.00	1.32
14288	9	62628	65535	65535	65535	0.00	1.32
14296	8	62628	65535	65535	65535	0.00	1.32
14305	9	62628	65535	65535	65535	0.00	1.32
14313	8	62628	65535	65535	65535	0.00	1.32
14321	8	62628	65535	65535	65535	0.00	1.32
14329	8	62628	65535	65535	65535	0.00	1.32
14338	9	62628	65535	65535	65535	0.00	1.32
14347	9	62628	65535	65535	65535	0.00	1.32
14355	8	62628	65535	65535	65535	0.00	1.32
14363	8	62628	65535	65535	65535	0.00	1.32
14372	9	62628	65535	65535	65535	0.00	1.32
14380	8	62628	65535	65535	65535	0.00	1.32
14389	9	62628	65535	65535	65535	0.00	1.32
14397	8	62628	65535	65535	65535	0.00	1.32
14406	9	62628	65535	65535	65535	0.00	1.32
14414	8	62628	65535	65535	65535	0.00	1.32
14422	8	62628	65535	65535	65535	0.00	1.32
14430	8	62628	65535	65535	65535	0.00	1.32
14439	9	62628	65535	65535	65535	0.00	1.32
14448	9	62628	65535	65535	65535	0.00	1.32
14456	8	62628	65535	65535	65535	0.00	1.32
14464	8	62628	65535	65535	65535	0.00	1.32
14473	9	62628	65535	65535	65535	0.00	1.32
14481	8	62628	65535	65535	65535	0.00	1.32
14489	8	62628	65535	65535	65535	0.00	1.32
14497	8	62628	65535	65535	65535	0.00	1.32
14507	10	62628	65535	65535	65535	0.00	1.32
14515	8	62628	65535	65535	65535	0.00	1.32
14523	8	62628	65535	65535	65535	0.00	1.32
14531	8	62628	65535	65535	65535	0.00	1.32
14540	9	62628	65535	65535	65535	0.00	1.32
14549	9	62628	65535	65535	65535	0.00	1.32
14557	8	62628	65535	65535	65535	0.00	1.32
14565	8	62628	65535	65535	65535	0.00	1.32
14574	9	62628	65535	65535	65535	0.00	1.32
14582	8	62628	65535	65535	65535	0.00	1.32
14590	8	62628	65535	65535	65535	0.00	1.32
14598	8	62628	65535	65535	65535	0.00	1.32
14608	10	62628	65535	65535	65535	0.00	1.32
14616	8	62628	65535	65535	65535	0.00	1.32
14624	8	62628	65535	65535	65535	0.00	1.32
14632	8	62628	65535	65535	65535	0.00	1.32
14641	9	62628	65535	65535	65535	0.00	1.32
14649	8	62628	65535	65535	65535	0.00	1.32
14657	8	62628	65535	65535	65535	0.00	1.32
14666	9	62628	65535	65535	65535	0.00	1.32
14674	8	62628	65535	65535	65535	0.00	1.32
14682	8	62628	65535	65535	65535	0.00	1.32
14690	8	62628	65535	65535	65535	0.00	1.32
14698	8	62628	65535	65535	65535	0.00	1.32
14706	8	62628	65535	65535	65535	0.00	1.32
14714	8	62628	65535	65535	65535	0.00	1.32
14723	9	62628	65535	65535	65535	0.00	1.32
14731	8	62628	65535	65535	65535	0.00	1.32
14739	8	62628	65535	65535	65535	0.00	1.32
14747	8	62628	65535	65535	65535	0.00	1.32
14755	8	62628	65535	65535	65535	0.00	1.32
14765	10	62628	65535	65535	65535	0.00	1.32
14773	8	62628	65535	65535	65535	0.00	1.32
14781	8	62628	65535	65535	65535	0.00	1.32
14789	8	62628	65535	65535	65535	0.00	1.32
14798	9	62628	65535	65535	65535	0.00	1.32
14806	8	62628	65535	65535	65535	0.00	1.32
14814	8	62628	65535	65535	65535	0.00	1.32
14823	9	62628	65535	65535	65535	0.00	1.32
14832	9	62628	65535	65535	65535	0.00	1.32
14840	8	62628	65535	65535	65535	0.00	1.32
14848	8	62628	65535	65535	65535	0.00	1.32
14856	8	62628	65535	65535	65535	0.00	1.32
14865	9	62628	65535	65535	65535	0.00	1.32
14873	8	62628	65535	65535	65535	0.00	1.32
14882	9	62628	65535	65535	65535	0.00	1.32
14890	8	62628	65535	65535	65535	0.00	1.32
14899	9	62628	65535	65535	65535	0.00	1.32
14907	8	62628	65535	65535	65535	0.00	1.32
14915	8	62628	65535	65535	65535	0.00	1.32
14924	9	62628	65535	65535	65535	0.00	1.32
14933	9	62628	65535	65535	65535	0.00	1.32
14941	8	62628	65535	65535	65535	0.00	1.32
14949	8	62628	65535	65535	65535	0.00	1.32
14957	8	62628	65535	65535	65535	0.00	1.32
14966	9	62628	65535	65535	65535	0.00	1.32
14974	8	62628	65535	65535	65535	0.00	1.32
14983	9	62628	65535	65535	65535	0.00	1.32
14991	8	62628	65535	65535	65535	0.00	1.32
15000	9	62628	65535	65535	65535	0.00	1.32
15008	8	62628	65535	65535	65535	0.00	1.32
15016	8	62628	65535	65535	65535	0.00	1.32
15024	8	62628	65535	65535	65535	0.00	1.32
15033	9	62628	65535	65535	65535	0.00	1.32
Start sampling!
9	9	62628	65535	65535	65535	0.00	1.32
17	8	62628	65535	65535	65535	0.00	1.32
26	9	62628	65535	65535	65535	0.00	1.32
35	9	62628	65535	65535	65535	0.00	1.32
43	8	62628	65535	65535	65535	0.00	1.32
52	9	62628	65535	65535	65535	0.00	1.32
60	8	62628	65535	65535	65535	0.00	1.32
70	10	62628	65535	65535	65535	0.00	1.32
78	8	62628	65535	65535	65535	0.00	1.32
86	8	62628	65535	65535	65535	0.00	1.32
94	8	62628	65535	65535	65535	0.00	1.32
103	9	62628	65535	65535	65535	0.00	1.32
112	9	62628	65535	65535	65535	0.00	1.32
120	8	62628	65535	65535	65535	0.00	1.32
129	9	62628	65535	65535	65535	0.00	1.32
138	9	62628	65535	65535	65535	0.00	1.32
146	8	62628	65535	65535	65535	0.00	1.32
154	8	62628	65535	65535	65535	0.00	1.32
162	8	62628	65535	65535	65535	0.00	1.32
172	10	62628	65535	65535	65535	0.00	1.32
180	8	62628	65535	65535	65535	0.00	1.32
188	8	62628	65535	65535	65535	0.00	1.32
196	8	62628	65535	65535	65535	0.00	1.32
204	8	62628	65535	65535	65535	0.00	1.32
212	8	62628	65535	65535	65535	0.00	1.32
220	8	62628	65535	65535	65535	0.00	1.32
229	9	62628	65535	65535	65535	0.00	1.32
237	8	62628	65535	65535	65535	0.00	1.32
245	8	62628	65535	65535	65535	0.00	1.32
253	8	62628	65535	65535	65535	0.00	1.32
261	8	62628	65535	65535	65535	0.00	1.32
270	9	62628	65535	65535	65535	0.00	1.32
278	8	62628	65535	65535	65535	0.00	1.32
287	9	62628	65535	65535	65535	0.00	1.32
295	8	62628	65535	65535	65535	0.00	1.32
303	8	62628	65535	65535	65535	0.00	1.32
311	8	62628	65535	65535	65535	0.00	1.32
319	8	62628	65535	65535	65535	0.00	1.32
329	10	62628	65535	65535	65535	0.00	1.32
337	8	62628	65535	65535	65535	0.00	1.32
345	8	62628	65535	65535	65535	0.00	1.32
353	8	62628	65535	65535	65535	0.00	1.32
362	9	62628	65535	65535	65535	0.00	1.32
370	8	62628	65535	65535	65535	0.00	1.32
378	8	62628	65535	65535	65535	0.00	1.32
387	9	62628	65535	65535	65535	0.00	1.32
396	9	62628	65535	65535	65535	0.00	1.32
404	8	62628	65535	65535	65535	0.00	1.32
412	8	62628	65535	65535	65535	0.00	1.32
420	8	62628	65535	65535	65535	0.00	1.32
430	10	62628	65535	65535	65535	0.00	1.32
438	8	62628	65535	65535	65535	0.00	1.32
447	9	62628	65535	65535	65535	0.00	1.32
455	8	62628	65535	65535	65535	0.00	1.32
464	9	62628	65535	65535	65535	0.00	1.32
472	8	62628	65535	65535	65535	0.00	1.32
480	8	62628	65535	65535	65535	0.00	1.32
489	9	62628	65535	65535	65535	0.00	1.32
498	9	62628	65535	65535	65535	0.00	1.32
507	9	62628	65535	65535	65535	0.00	1.32
515	8	62628	65535	65535	65535	0.00	1.32
523	8	62628	65535	65535	65535	0.00	1.32
532	9	62628	65535	65535	65535	0.00	1.32
540	8	62628	65535	65535	65535	0.00	1.32
549	9	62628	65535	65535	65535	0.00	1.32
557	8	62628	65535	65535	65535	0.00	1.32
566	9	62628	65535	65535	65535	0.00	1.32
574	8	62628	65535	65535	65535	0.00	1.32
582	8	62628	65535	65535	65535	0.00	1.32
591	9	62628	65535	65535	65535	0.00	1.32
600	9	62628	65535	65535	65535	0.00	1.32
609	9	62628	65535	65535	65535	0.00	1.32
617	8	62628	65535	65535	65535	0.00	1.32
625	8	62628	65535	65535	65535	0.00	1.32
634	9	62628	65535	65535	65535	0.00	1.32
642	8	62628	65535	65535	65535	0.00	1.32
651	9	62628	65535	65535	65535	0.00	1.32
659	8	62628	65535	65535	65535	0.00	1.32
669	10	62628	65535	65535	65535	0.00	1.32
677	8	62628	65535	65535	65535	0.00	1.32
685	8	62628	65535	65535	65535	0.00	1.32
693	8	62628	65535	65535	65535	0.00	1.32
702	9	62628	65535	65535	65535	0.00	1.32
711	9	62628	65535	65535	65535	0.00	1.32
719	8	62628	65535	65535	65535	0.00	1.32
727	8	62628	65535	65535	65535	0.00	1.32
735	8	62628	65535	65535	65535	0.00	1.32
743	8	62628	65535	65535	65535	0.00	1.32
752	9	62628	65535	65535	65535	0.00	1.32
760	8	62628	65535	65535	65535	0.00	1.32
769	9	62628	65535	65535	65535	0.00	1.32
777	8	62628	65535	65535	65535	0.00	1.32
785	8	62628	65535	65535	65535	0.00	1.32
793	8	62628	65535	65535	65535	0.00	1.32
801	8	62628	65535	65535	65535	0.00	1.32
810	9	62628	65535	65535	65535	0.00	1.32
818	8	62628	65535	65535	65535	0.00	1.32
828	10	62628	65535	65535	65535	0.00	1.32
836	8	62628	65535	65535	65535	0.00	1.32
844	8	62628	65535	65535	65535	0.00	1.32
852	8	62628	65535	65535	65535	0.00	1.32
861	9	62628	65535	65535	65535	0.00	1.32
870	9	62628	65535	65535	65535	0.00	1.32
878	8	62628	65535	65535	65535	0.00	1.32
886	8	62628	65535	65535	65535	0.00	1.32
895	9	62628	65535	65535	65535	0.00	1.32
903	8	62628	65535	65535	65535	0.00	1.32
911	8	62628	65535	65535	65535	0.00	1.32
919	8	62628	65535	65535	65535	0.00	1.32
929	10	62628	65535	65535	65535	0.00	1.32
937	8	62628	65535	65535	65535	0.00	1.32
945	8	62628	65535	65535	65535	0.00	1.32
953	8	62628	65535	65535	65535	0.00	1.32
962	9	62628	65535	65535	65535	0.00	1.32
971	9	62628	65535	65535	65535	0.00	1.32
979	8	62628	65535	65535	65535	0.00	1.32
988	9	62628	65535	65535	65535	0.00	1.32
997	9	62628	65535	65535	65535	0.00	1.32
1005	8	62628	65535	65535	65535	0.00	1.32
1013	8	62628	65535	65535	65535	0.00	1.32
1021	8	62628	65535	65535	65535	0.00	1.32
1031	10	62628	65535	65535	65535	0.00	1.32
1039	8	62628	65535	65535	65535	0.00	1.32
1047	8	62628	65535	65535	65535	0.00	1.32
1055	8	62628	65535	65535	65535	0.00	1.32
1064	9	62628	65535	65535	65535	0.00	1.32
1072	8	62628	65535	65535	65535	0.00	1.32
1080	8	62628	65535	65535	65535	0.00	1.32
1089	9	62628	65535	65535	65535	0.00	1.32
1098	9	62628	65535	65535	65535	0.00	1.32
1106	8	62628	65535	65535	65535	0.00	1.32
1114	8	62628	65535	65535	65535	0.00	1.32
1122	8	62628	65535	65535	65535	0.00	1.32
1132	10	62628	65535	65535	65535	0.00	1.32
1140	8	62628	65535	65535	65535	0.00	1.32
1149	9	62628	65535	65535	65535	0.00	1.32
1157	8	62628	65535	65535	65535	0.00	1.32
1166	9	62628	65535	65535	65535	0.00	1.32
1174	8	62628	65535	65535	65535	0.00	1.32
1182	8	62628	65535	65535	65535	0.00	1.32
1191	9	62628	65535	65535	65535	0.00	1.32
1200	9	62628	65535	65535	65535	0.00	1.32
1208	8	62628	65535	65535	65535	0.00	1.32
1216	8	62628	65535	65535	65535	0.00	1.32
1224	8	62628	65535	65535	65535	0.00	1.32
1233	9	62628	65535	65535	65535	0.00	1.32
1241	8	62628	65535	65535	65535	0.00	1.32
1250	9	62628	65535	65535	65535	0.00	1.32
1258	8	62628	65535	65535	65535	0.00	1.32
1266	8	62628	65535	65535	65535	0.00	1.32
1274	8	62628	65535	65535	65535	0.00	1.32
1282	8	62628	65535	65535	65535	0.00	1.32
1291	9	62628	65535	65535	65535	0.00	1.32
1299	8	62628	65535	65535	65535	0.00	1.32
1308	9	62628	65535	65535	65535	0.00	1.32
1316	8	62628	65535	65535	65535	0.00	1.32
1324	8	62628	65535	65535	65535	0.00	1.32
1332	8	62628	65535	65535	65535	0.00	1.32
1340	8	62628	65535	65535	65535	0.00	1.32
1349	9	62628	65535	65535	65535	0.00	1.32
1357	8	62628	65535	65535	65535	0.00	1.32
1365	8	62628	65535	65535	65535	0.00	1.32
1373	8	62628	65535	65535	65535	0.00	1.32
1381	8	62628	65535	65535	65535	0.00	1.32
1389	8	62628	65535	65535	65535	0.00	1.32
1397	8	62628	65535	65535	65535	0.00	1.32
1406	9	62628	65535	65535	65535	0.00	1.32
1414	8	62628	65535	65535	65535	0.00	1.32
1423	9	62628	65535	65535	65535	0.00	1.32
1431	8	62628	65535	65535	65535	0.00	1.32
1439	8	62628	65535	65535	65535	0.00	1.32
1447	8	62628	65535	65535	65535	0.00	1.32
1456	9	62628	65535	65535	65535	0.00	1.32
1465	9	62628	65535	65535	65535	0.00	1.32
1473	8	62628	65535	65535	65535	0.00	1.32
1481	8	62628	65535	65535	65535	0.00	1.32
1490	9	62628	65535	65535	65535	0.00	1.32
1498	8	62628	65535	65535	65535	0.00	1.32
1507	9	62628	65535	65535	65535	0.00	1.32
1515	8	62628	65535	65535	65535	0.00	1.32
1524	9	62628	65535	65535	65535	0.00	1.32
1532	8	62628	65535	65535	65535	0.00	1.32
1540	8	62628	65535	65535	65535	0.00	1.32
1548	8	62628	65535	65535	65535	0.00	1.32
1557	9	62628	65535	65535	65535	0.00	1.32
1566	9	62628	65535	65535	65535	0.00	1.32
1574	8	62628	65535	65535	65535	0.00	1.32
1582	8	62628	65535	65535	65535	0.00	1.32
1591	9	62628	65535	65535	65535	0.00	1.32
1599	8	13916	65535	65535	65535	0.00	2.14
1607	8	14172	16267	18363	12287	5.53	5.57
1615	8	9574	16266	18363	12223	5.55	6.57
1625	10	9318	13140	13181	12223	6.68	7.55
1633	8	7312	12885	12925	8983	7.74	8.40
1641	8	7312	10525	10037	7495	9.68	9.51
1649	8	6345	9087	8611	6471	11.25	10.99
1658	9	5755	8830	8355	6436	11.47	11.63
1667	9	5320	7942	8070	5638	12.38	12.79
1675	8	5321	7191	7227	5081	13.78	13.56
1684	9	27498	7018	6779	5443	13.88	4.92
1693	9	4555	6858	6232	4917	15.22	14.86
1701	8	4204	6373	6131	4865	15.43	16.04
1709	8	4037	5851	5128	4293	18.01	17.16
1717	8	3864	5338	5592	4043	17.61	18.44
1727	10	4038	5261	5291	3808	18.64	18.24
1735	8	3631	5535	5220	3743	18.93	18.51
1744	9	3463	5382	4616	3936	19.84	19.18
1752	8	3467	4988	4866	29040	5.00	20.06
1761	9	3457	4997	4816	3576	20.22	20.07
1769	8	3348	4676	4630	3886	19.92	21.14
1777	8	3300	5045	4734	3909	19.63	20.33
1786	9	3182	4875	4444	3602	21.08	21.06
1795	9	3145	4337	4216	3579	21.76	22.67
1803	8	3139	4883	4413	3162	22.40	21.15
1811	8	3103	4757	4346	3197	22.49	21.58
1819	8	2987	4651	4459	3413	21.55	22.21
1828	9	2990	4376	4021	3165	23.61	23.03
1836	8	3065	4237	4209	2771	24.30	23.23
1845	9	2974	4570	4160	3495	22.16	22.49
1853	8	2873	4477	3791	3289	23.96	23.08
1861	8	2885	4219	3899	3123	24.16	23.88
1869	8	2963	4125	3825	2949	25.04	23.93
1877	8	2887	4174	4044	3394	22.81	24.03
1886	9	2787	4335	3665	3191	24.74	23.82
1894	8	2835	4126	3811	2726	25.95	24.37
1903	9	2879	4509	3951	2859	24.91	22.96
1911	8	3069	4347	3937	3168	23.88	22.88
1920	9	2740	3834	3863	3140	24.22	25.81
1928	8	2780	4036	3741	2925	25.45	24.89
1936	8	3051	4373	3877	2814	25.35	22.85
1945	9	2768	4270	3991	3120	23.86	24.10
1954	9	2737	3767	4056	3089	23.74	26.08
1962	8	2740	3863	3654	2896	25.90	25.69
1970	8	2749	4048	3824	3203	24.14	24.96
1978	8	2652	4120	3670	3073	25.16	25.05
1988	10	2696	3959	3634	2941	25.80	25.49
1996	8	2770	3867	3602	2875	26.19	25.56
2005	9	2757	4408	3828	3200	24.14	23.68
2013	8	2616	3812	3892	3010	24.58	26.39
2022	9	2664	3889	3592	2906	26.11	25.89
2030	8	2733	3816	3784	3010	24.97	25.90
2038	8	2695	4398	3790	3182	24.33	23.92
2047	9	2649	3885	3941	2998	24.45	25.96
2056	9	2650	3862	3573	2824	26.52	26.05
2065	9	2690	3695	3761	2724	26.16	26.57
2073	8	2663	3765	3595	2759	26.70	26.39
2081	8	2632	3866	3925	2884	24.92	26.11
2090	9	2698	4007	4037	3062	23.90	25.30
2098	8	2661	4065	3721	3123	24.79	25.22
2107	9	2563	3989	3824	2995	24.88	25.89
2115	8	2614	3817	3287	2869	27.56	26.38
2124	9	2687	3668	3765	2721	26.16	26.69
2132	8	2638	4061	3737	3136	24.68	25.32
2140	8	2854	4073	3635	2959	25.73	24.49
2148	8	2600	3727	3530	3044	25.81	26.81
2157	9	2652	3642	3725	2706	26.38	26.95
2166	9	2287	3949	3812	2725	25.95	27.20
2174	8	2587	3779	3630	2855	26.16	26.65
2182	8	2661	3707	3998	3039	24.11	26.64
2191	9	2622	4031	3722	3121	24.79	25.50
2199	8	2538	4042	1663	2953	36.75	25.78
2208	9	2580	3766	3524	2855	26.59	26.73
2216	8	2631	3600	3710	2695	26.49	27.23
2226	10	2088	3923	3706	3105	24.91	28.22
2234	8	2827	3769	3628	2951	25.79	25.72
2242	8	2641	3685	3525	3040	25.84	26.82
2250	8	2591	3986	3716	2706	26.42	25.79
2259	9	2257	3903	3814	2728	25.93	27.54
2268	9	2817	3737	3633	2863	26.12	25.88
2276	8	2615	3584	4009	2796	24.93	27.37
2285	9	2586	3878	3740	3131	24.69	26.24
2294	9	2542	3984	3833	2972	24.93	26.00
2302	8	2869	3644	3299	2881	27.45	26.05
2310	8	2599	3690	3757	2992	25.14	26.98
2318	8	2227	3854	3757	3143	24.59	27.90
2328	10	2526	3688	3931	2985	24.53	27.30
2336	8	2580	3797	3562	3066	25.60	26.60
2344	8	2560	3945	3744	2721	26.24	26.08
2352	8	2535	3978	3588	2753	26.75	26.05
2360	8	2862	3640	3655	2868	26.01	26.09
2369	9	2593	3704	4008	2	42.31	26.94
2377	8	2243	3879	3714	3114	24.85	27.71
2386	9	2546	3712	3825	2948	25.05	27.11
2394	8	2603	3823	3264	2850	27.75	26.40
2402	8	2575	3963	3690	2686	26.61	25.95
2410	8	2544	3993	3684	2579	27.09	25.95
2418	8	2873	3652	3601	2926	25.99	26.00
2427	9	2604	3719	3951	3002	24.40	26.83
2435	8	2250	3891	3667	2813	26.18	27.63
2444	9	2554	3727	3764	2946	25.28	27.01
2452	8	2622	3834	3466	3065	25.98	26.28
2460	8	2582	3983	3931	2656	25.75	25.84
2468	8	2557	4012	3644	2801	26.32	25.83
2476	8	2628	3671	3309	2899	27.33	26.93
2486	10	2621	3845	3454	2720	27.48	26.24
2494	8	2261	3901	3629	2642	27.05	27.53
2502	8	2564	3737	3730	2921	25.51	26.92
2510	8	2633	3590	3294	3041	26.78	27.26
2519	9	2593	3997	3904	2711	25.65	25.74
2528	9	2821	4021	3619	2776	26.53	24.79
2536	8	2569	3679	3723	2879	25.70	27.15
2545	9	2627	3597	3436	2778	27.30	27.26
2554	9	2263	3907	3605	2625	27.23	27.50
2562	8	2562	3738	3605	2903	26.07	26.93
2570	8	2632	3675	3273	2872	27.61	26.90
2578	8	2590	3998	3885	2699	25.77	25.75
2588	10	2822	4023	3606	2765	26.63	24.78
2596	8	2568	3746	3710	2901	25.66	26.87
2605	9	2624	3592	3425	3027	26.29	27.29
2613	8	2264	3906	3598	2702	26.93	27.50
2622	9	2816	3735	3601	2896	26.11	25.90
2630	8	2630	3672	3266	2866	27.67	26.92
2638	8	2586	3988	3879	2694	25.81	25.81
2647	9	2519	4015	3595	2760	26.69	25.96
2656	9	2563	3734	3698	2895	25.73	26.94
2664	8	2618	3587	3415	3020	26.36	27.34
2672	8	2074	3902	3622	2617	27.19	28.39
2680	8	2555	3752	3590	260	44.06	26.90
2690	10	2881	3664	3515	2860	26.61	25.92
2698	8	2586	3732	3874	2688	25.85	26.85
2707	9	2258	3903	3592	2754	26.73	27.54
2715	8	2818	3739	3694	2893	25.75	25.87
2724	9	2621	3589	3415	3021	26.36	27.32
2732	8	2589	3906	3621	2621	27.18	26.12
2740	8	2556	4013	3595	3014	25.67	25.83
2749	9	2629	3667	3263	2858	27.72	26.95
2758	9	2618	3982	3410	2688	27.82	25.70
2767	9	2258	3899	3589	2613	27.35	27.55
2775	8	2558	3731	3693	2889	25.77	26.98
2783	8	2617	3584	3408	3017	26.40	27.36
2792	9	2585	3988	3874	2617	26.14	25.81
2800	8	2556	4008	3588	2752	26.76	25.84
2809	9	2624	3669	3261	2859	27.72	26.96
2817	8	2617	3842	3410	2691	27.81	26.27
2826	9	2259	3904	3591	2617	27.33	27.53
2834	8	2817	3734	3695	2893	25.75	25.90
2842	8	2625	3586	3521	3019	25.94	27.31
2850	8	2587	3986	3875	2619	26.12	25.81
2859	9	2555	4007	3588	2754	26.75	25.85
2868	9	2560	3665	3258	2857	27.74	27.25
2876	8	2617	3838	3409	2686	27.83	26.28
2884	8	2256	3900	3588	2615	27.35	27.56
2893	9	2816	3733	3691	2891	25.77	25.90
2901	8	2625	3669	3261	3019	27.01	26.95
2910	9	2585	3987	3872	2686	25.87	25.81
2918	8	2557	4012	3588	2755	26.75	25.83
2927	9	2560	3667	3694	2859	25.89	27.24
2935	8	2618	3585	3410	2763	27.48	27.35
2943	8	2259	3899	3588	2617	27.34	27.55
2951	8	2557	3732	3693	2891	25.77	26.98
2959	8	2560	3665	3261	3018	27.02	27.25
2968	9	2582	3726	3870	2686	25.88	26.89
2976	8	2511	4004	3589	2749	26.77	26.04
2985	9	2558	3726	3690	2855	25.92	27.00
2993	8	2613	3836	3406	2758	27.52	26.31
3001	8	2257	3901	3584	2615	27.37	27.55
3009	8	2556	3755	3588	2890	26.19	26.88
3018	9	2883	3667	3261	2857	27.73	25.90
3027	9	2584	3984	3872	2684	25.88	25.83
3035	8	2515	4007	3589	2750	26.76	26.01
3043	8	2559	3733	3693	2852	25.92	26.96
3052	9	2616	3584	3408	3017	26.40	27.36
3060	8	2071	3900	3587	2617	27.34	28.41
3069	9	2557	3757	3590	2891	26.18	26.87
3077	8	2880	3667	3258	2857	27.74	25.91
3087	10	2583	3984	3873	2686	25.86	25.83
3095	8	2255	3899	3590	2755	26.74	27.57
3103	8	2816	3735	3694	2893	25.75	25.90
3111	8	2619	3585	3410	3019	26.39	27.34
3120	9	2583	3900	3593	2617	27.32	26.17
3129	9	2555	4012	3591	2893	26.16	25.83
3137	8	2627	3669	3262	2858	27.72	26.95
3146	9	2616	3986	3873	2689	25.85	25.70
3155	9	2259	3901	3591	2752	26.75	27.54
3163	8	2816	3731	3696	2891	25.75	25.91
3171	8	2617	3839	3410	3021	26.38	26.28
3179	8	2584	3984	3615	2612	27.24	25.83
3189	10	2554	4009	3590	3007	25.72	25.85
3197	8	2880	3665	3257	2859	27.74	25.92
3205	8	2617	3838	3875	2684	25.86	26.28
3213	8	2255	3896	3587	2753	26.76	27.58
3222	9	2557	3731	3693	2890	25.77	26.98
3231	9	2625	3838	3408	3019	26.40	26.25
3239	8	2583	3729	3614	2614	27.24	26.88
3248	9	2555	4011	3586	3008	25.73	25.84
3257	9	2560	3667	3261	2854	27.74	27.24
3265	8	2614	3840	3410	2684	27.84	26.29
3273	8	2258	3900	3590	2615	27.34	27.55
3281	8	2558	3732	3695	2893	25.75	26.97
3291	10	2882	3666	3411	3018	26.39	25.91
3299	8	2583	3982	3873	2614	26.15	25.84
3308	9	2555	4008	3586	2750	26.77	25.85
3316	8	2556	3663	3258	2852	27.77	27.28
3325	9	2612	3835	3408	2684	27.85	26.31
3333	8	2257	3898	3590	2614	27.34	27.56
3341	8	2555	3729	3695	2891	25.76	27.00
3350	9	2883	3665	3515	3017	25.97	25.91
3359	9	2586	3728	3872	2615	26.15	26.87
3367	8	2556	4011	3590	2755	26.74	25.83
3375	8	2559	3734	3261	2858	27.72	26.96
3383	8	2614	3839	3411	2688	27.82	26.29
3392	9	2255	3901	3592	2616	27.33	27.56
3400	8	2554	3754	3698	2890	25.75	26.89
3409	9	2881	3663	3258	3017	27.04	25.92
3417	8	2581	3723	3871	2686	25.87	26.91
3425	8	2509	4002	3584	2748	26.79	26.06
3433	8	2556	3725	3690	2851	25.94	27.01
3441	8	2610	3835	3409	2760	27.50	26.32
3450	9	2069	3897	3589	2613	27.35	28.44
3458	8	2555	3753	3693	2888	25.78	26.89
3467	9	2882	3665	3257	3015	27.05	25.91
3475	8	2584	3727	3870	2687	25.87	26.88
3483	8	2254	3897	3589	2753	26.75	27.58
3491	8	2556	3729	3692	2858	25.90	26.99
3499	8	2612	3836	3411	2760	27.49	26.31
3508	9	2582	3892	3591	2610	27.36	26.20
3516	8	2555	4007	3585	2889	26.20	25.85
3525	9	2881	3664	3255	2853	27.77	25.92
3533	8	2612	3727	3871	2684	25.88	26.76
3541	8	2252	3898	3587	2752	26.76	27.58
3549	8	2556	3733	3693	2856	25.90	26.98
3557	8	2614	3838	3410	3015	26.40	26.29
3566	9	2584	3984	3592	2609	27.36	25.83
3574	8	2554	4009	3590	2890	26.18	25.85
3583	9	2880	3662	3256	28526	5.34	25.93
3591	8	2611	3722	3866	2684	25.90	26.79
3599	8	2248	3890	3585	2744	26.80	27.64
3608	9	2554	3726	3688	2885	25.81	27.01
3617	9	2620	3834	3407	3012	26.43	26.29
3626	9	2583	3724	3587	2610	27.38	26.90
3634	8	2554	4011	3584	2886	26.22	25.84
3642	8	2882	3666	3257	2855	27.76	25.91
3651	9	2611	3839	3867	2685	25.89	26.30
3659	8	2257	3897	3592	2751	26.75	27.57
3668	9	2557	3730	3697	2889	25.76	26.98
3676	8	2625	3834	931	2759	45.97	26.27
3686	10	2584	3725	3614	2612	27.25	26.89
3694	8	2555	4006	3586	3005	25.74	25.86
3702	8	2556	3664	3255	2853	27.77	27.27
3710	8	2613	3832	3867	2684	25.90	26.32
3719	9	2253	3894	3589	2747	26.77	27.60
3728	9	2555	3729	3692	2884	25.80	27.00
3736	8	2881	3664	3406	3015	26.42	25.92
3744	8	2584	3731	3613	2614	27.24	26.86
3753	9	2558	4012	3589	3009	25.71	25.82
3761	8	2817	3735	3261	2857	27.73	25.89
3770	9	2612	3584	3926	2686	25.66	27.38
3778	8	2258	3898	682	2755	49.36	27.56
3788	10	2557	3731	3697	2891	25.75	26.98
3796	8	2882	3667	3412	3017	26.39	25.90
3804	8	2582	3725	3871	2611	26.17	26.90
3811	7	2507	25956	3586	3007	25.73	5.96
3821	10	2554	3726	3253	2857	27.77	27.01
3830	9	2609	3836	3408	2684	27.85	26.32
3838	8	2257	3899	3589	2610	27.37	27.56
3847	9	2556	3755	3697	2888	25.76	26.88
3856	9	2882	3670	3517	3019	25.96	25.89
3864	8	2586	3988	3872	2613	26.16	25.81
3872	8	2510	4011	3595	2755	26.72	26.02
3880	8	2557	3731	3261	2859	27.72	26.98
3890	10	2613	3837	3413	2690	27.80	26.30
3898	8	2586	3896	3591	2614	27.34	26.17
3906	8	2557	4008	3696	2889	25.76	25.84
3914	8	2881	3664	3514	3017	25.98	25.92
3923	9	2585	3729	3868	2689	25.87	26.87
3932	9	2255	3899	3593	2750	26.75	27.57
3940	8	2559	3732	3698	2858	25.88	26.97
3949	9	2613	3584	3412	2693	27.79	27.38
3958	9	2587	3988	3591	2614	27.34	25.80
3966	8	2558	4013	3698	2890	25.75	25.82
3974	8	2884	3666	3261	3019	27.01	25.90
3982	8	2611	3720	3871	2686	25.87	26.80
3992	10	2251	3895	3586	2749	26.78	27.60
4000	8	2553	3726	3692	2852	25.92	27.02
4009	9	2622	3837	3411	2755	27.51	26.27
4017	8	2583	3986	3587	2613	27.36	25.83
4025	8	2556	4013	3588	2891	26.18	25.83
4033	8	2886	3671	3261	3018	27.02	25.87
4041	8	2614	3840	3872	2690	25.85	26.29
4050	9	2256	3905	3597	2754	26.71	27.54
4058	8	2817	3738	3700	2863	25.85	25.88
4066	8	2633	3585	3417	3016	26.37	27.28
4074	8	2586	3989	3593	2614	27.33	25.80
4082	8	2555	4010	3592	2889	26.18	25.84
4090	8	2553	3665	3259	2856	27.74	27.28
4098	8	2609	3833	3866	2688	25.88	26.33
4107	9	2251	3899	3588	2751	26.76	27.58
4116	9	2553	3731	3695	2887	25.77	27.00
4124	8	2882	3666	3410	3015	26.40	25.91
4132	8	2586	3730	3590	2610	27.36	26.86
4140	8	2558	4014	3594	2889	26.17	25.81
4150	10	2556	3670	3263	2857	27.72	27.25
4158	8	2610	3838	3870	2691	25.86	26.31
4167	9	2254	3899	3591	2753	26.74	27.57
4175	8	2556	3728	3699	2887	25.76	27.00
4184	9	2882	3667	3411	3017	26.39	25.90
4192	8	2582	3728	3612	2610	27.27	26.89
4200	8	2505	4010	3591	3009	25.70	26.04
4209	9	2555	3731	185	2603	60.85	26.99
4218	9	2610	3838	3873	2691	25.84	26.31
4226	8	2257	3905	3590	2756	26.73	27.53
4234	8	2817	3761	3700	2889	25.75	25.79
4242	8	2889	3672	3419	3018	26.35	25.86
4251	9	2588	3994	2265	2615	34.76	25.77
4259	8	2510	4015	3597	3014	25.66	26.00
4268	9	2300	3735	3265	2861	27.69	28.11
4276	8	2612	3839	3415	2695	27.77	26.30
4285	9	2585	3902	3591	2615	27.34	26.15
4293	8	2559	4015	3699	2891	25.74	25.81
4301	8	2885	3671	3412	3016	26.39	25.88
4310	9	2589	3991	3877	2612	26.14	25.78
4319	9	2256	3904	3597	2759	26.69	27.54
4328	9	2560	3738	3266	2862	27.68	26.94
4336	8	2615	3590	3418	2695	27.75	27.34
4344	8	2591	3994	3597	2615	27.31	25.76
4353	9	2817	4018	3700	2894	25.73	24.82
4361	8	2889	3672	3522	3016	25.95	25.86
4370	9	2615	3989	3877	2615	26.13	25.69
4378	8	2257	3900	3592	2754	26.73	27.55
4388	10	2557	3734	3258	2860	27.73	26.97
4396	8	2627	3585	3413	2694	27.78	27.31
4404	8	2588	3992	3594	2610	27.34	25.78
4412	8	2559	4015	3698	2889	25.75	25.81
4421	9	2882	3673	3263	3016	27.02	25.88
4430	9	2613	3842	3875	2693	25.83	26.28
4438	8	2255	3909	3599	2756	26.69	27.52
4446	8	2560	3739	3703	2862	25.84	26.93
4455	9	2632	3586	3416	2762	27.46	27.28
4463	8	2590	3992	3595	2616	27.31	25.77
4472	9	2819	4016	3600	2891	26.14	24.82
4480	8	2562	3673	3269	3017	26.99	27.21
4490	10	2612	3584	3879	2692	25.82	27.38
4498	8	2254	3903	3594	2757	26.71	27.55
4506	8	2556	3732	3699	2859	25.87	26.98
4514	8	2883	3669	3415	2759	27.48	25.89
4522	8	2588	3732	3591	2612	27.35	26.84
4531	9	2816	4017	3594	2889	26.17	24.83
4539	8	2301	3738	3265	2862	27.69	28.09
4548	9	2612	3589	3881	2692	25.81	27.36
4556	8	2256	3909	3599	2760	26.68	27.52
