252714	9	63083	65535	65535	1	2.59	1.32
2527622	8	63083	65535	65535	1	2.59	1.32
2527630	8	63083	65535	65535	1	2.591.32
2527638	8	š‚ÂšJ65535	65535	1	2.59	1.32
2527647	9	63083	65535	65535	1	2.59	1.32
2527656	9	63083	65535	65535	1	2.59	1.32
2527664	8	63083	65535	65535	1	2.59	1.32
2527672	8	63083	65535	65535	1	2.59	1.32
2527681	9	63083	65535	65535	1	2.59	1.32
2527689	8	63083	65535	65535	1	2.59	1.32
2527698	9	63083	65535	65535	1	2.59	1.32
2527706	8	63083	65535	65535	1	2.59	1.32
2527716	10	63083	65535	65535	1	2.59	1.32
2527724	8	63083	65535	65535	1	2.59	1.32
2527732	8	63083	65535	65535	1	2.59	1.32
2527740	8	63083	65535	65535	1	2.59	1.32
2527749	9	63083	65535	65535	1	2.59	1.32
2527758	9	63083	65535	65535	1	2.59	1.32
2527766	8	63083	65535	65535	1	2.59	1.32
2527774	8	63083	65535	65535	1	2.59	1.32
2527783	9	63083	65535	65535	1	2.59	1.32
2527791	8	63083	65535	65535	1	2.59	1.32
2527799	8	63083	65535	65535	1	2.59	1.32
2527807	8	63083	65535	65535	1	2.59	1.32
2527817	10	63083	65535	65535	1	2.59	1.32
2527825	8	63083	65535	65535	1	2.59	1.32
2527833	8	63083	65535	65535	1	2.59	1.32
2527841	8	63083	65535	65535	1	2.59	1.32
2527850	9	63083	65535	65535	1	2.59	1.32
2527858	8	63083	65535	65535	1	2.59	1.32
2527866	8	63083	65535	65535	1	2.59	1.32
2527875	9	63083	65535	65535	1	2.59	1.32
2527884	9	63083	65535	65535	1	2.59	1.32
2527892	8	63083	65535	65535	1	2.59	1.32
2527900	8	63083	65535	65535	1	2.59	1.32
2527908	8	63083	65535	65535	1	2.59	1.32
2527918	10	63083	65535	65535	1	2.59	1.32
2527926	8	63083	65535	65535	1	2.59	1.32
2527934	8	63083	65535	65535	1	2.59	1.32
2527942	8	63083	65535	65535	1	2.59	1.32
2527951	9	63083	65535	65535	1	2.59	1.32
2527959	8	63083	65535	65535	1	2.59	1.32
2527967	8	63083	65535	65535	1	2.59	1.32
2527976	9	63083	65535	65535	1	2.59	1.32
2527985	9	63083	65535	65535	1	2.59	1.32
2527993	8	63083	65535	65535	1	2.59	1.32
2528001	8	63083	65535	65535	1	2.59	1.32
2528009	8	63083	65535	65535	1	2.59	1.32
2528017	8	63083	65535	65535	1	2.59	1.32
2528025	8	63083	65535	65535	1	2.59	1.32
2528034	9	63083	65535	65535	1	2.59	1.32
2528042	8	63083	65535	65535	1	2.59	1.32
2528050	8	63083	65535	65535	1	2.59	1.32
2528058	8	63083	65535	65535	1	2.59	1.32
2528066	8	63083	65535	65535	1	2.59	1.32
2528075	9	63083	65535	65535	1	2.59	1.32
2528083	8	63083	65535	65535	1	2.59	1.32
2528092	9	63083	65535	65535	1	2.59	1.32
2528100	8	63083	65535	65535	1	2.59	1.32
2528109	9	63083	65535	65535	1	2.59	1.32
2528117	8	63083	65535	65535	1	2.59	1.32
2528125	8	63083	65535	65535	1	2.59	1.32
2528134	9	63083	65535	65535	1	2.59	1.32
2528143	9	63083	65535	65535	1	2.59	1.32
2528151	8	63083	65535	65535	1	2.59	1.32
2528159	8	63083	65535	65535	1	2.59	1.32
2528167	8	63083	65535	65535	1	2.59	1.32
2528176	9	63083	65535	65535	1	2.59	1.32
2528184	8	63083	65535	65535	1	2.59	1.32
2528193	9	63083	65535	65535	1	2.59	1.32
2528201	8	63083	65535	65535	1	2.59	1.32
2528210	9	63083	65535	65535	1	2.59	1.32
2528218	8	63083	65535	65535	1	2.59	1.32
2528226	8	63083	65535	65535	1	2.59	1.32
2528235	9	63083	65535	65535	1	2.59	1.32
2528244	9	63083	65535	65535	1	2.59	1.32
2528253	9	63083	65535	65535	1	2.59	1.32
2528261	8	63083	65535	65535	1	2.59	1.32
2528269	8	63083	65535	65535	1	2.59	1.32
2528278	9	63083	65535	65535	1	2.59	1.32
2528286	8	63083	65535	65535	1	2.59	1.32
2528295	9	63083	65535	65535	1	2.59	1.32
2528303	8	63083	65535	65535	1	2.59	1.32
2528312	9	63083	65535	65535	1	2.59	1.32
2528320	8	63083	65535	65535	1	2.59	1.32
2528328	8	63083	65535	65535	1	2.59	1.32
2528336	8	63083	65535	65535	1	2.59	1.32
2528345	9	63083	65535	65535	1	2.59	1.32
2528354	9	63083	65535	65535	1	2.59	1.32
2528362	8	63083	65535	65535	1	2.59	1.32
2528370	8	63083	65535	65535	1	2.59	1.32
2528379	9	63083	65535	65535	1	2.59	1.32
2528387	8	63083	65535	65535	1	2.59	1.32
2528396	9	63083	65535	65535	1	2.59	1.32
2528404	8	63083	65535	65535	1	2.59	1.32
2528414	10	63083	65535	65535	1	2.59	1.32
2528422	8	63083	65535	65535	1	2.59	1.32
2528430	8	63083	65535	65535	1	2.59	1.32
2528438	8	63083	65535	65535	1	2.59	1.32
2528447	9	63083	65535	65535	1	2.59	1.32
2528456	9	63083	65535	65535	1	2.59	1.32
2528464	8	63083	65535	65535	1	2.59	1.32
2528472	8	63083	65535	65535	1	2.59	1.32
2528481	9	63083	65535	65535	1	2.59	1.32
2528489	8	63083	65535	65535	1	2.59	1.32
2528497	8	63083	65535	65535	1	2.59	1.32
2528505	8	63083	65535	65535	1	2.59	1.32
2528515	10	63083	65535	65535	1	2.59	1.32
2528523	8	63083	65535	65535	1	2.59	1.32
2528531	8	63083	65535	65535	1	2.59	1.32
2528539	8	63083	65535	65535	1	2.59	1.32
2528547	8	63083	65535	65535	1	2.59	1.32
2528555	8	63083	65535	65535	1	2.59	1.32
2528563	8	63083	65535	65535	1	2.59	1.32
2528572	9	63083	65535	65535	1	2.59	1.32
2528580	8	63083	65535	65535	1	2.59	1.32
2528588	8	63083	65535	65535	1	2.59	1.32
2528596	8	63083	65535	65535	1	2.59	1.32
2528604	8	63083	65535	65535	1	2.59	1.32
2528613	9	63083	65535	65535	1	2.59	1.32
2528621	8	63083	65535	65535	1	2.59	1.32
2528630	9	63083	65535	65535	1	2.59	1.32
2528638	8	63083	65535	65535	1	2.59	1.32
2528646	8	63083	65535	65535	1	2.59	1.32
2528654	8	63083	65535	65535	1	2.59	1.32
2528662	8	63083	65535	65535	1	2.59	1.32
2528672	10	63083	65535	65535	1	2.59	1.32
2528680	8	63083	65535	65535	1	2.59	1.32
2528688	8	63083	65535	65535	1	2.59	1.32
2528696	8	63083	65535	65535	1	2.59	1.32
2528705	9	63083	65535	65535	1	2.59	1.32
2528713	8	63083	65535	65535	1	2.59	1.32
2528721	8	63083	65535	65535	1	2.59	1.32
2528730	9	63083	65535	65535	1	2.59	1.32
2528739	9	63083	65535	65535	1	2.59	1.32
2528747	8	63083	65535	65535	1	2.59	1.32
2528755	8	63083	65535	65535	1	2.59	1.32
2528763	8	63083	65535	65535	1	2.59	1.32
2528773	10	63083	65535	65535	1	2.59	1.32
2528781	8	63083	65535	65535	1	2.59	1.32
2528790	9	63083	65535	65535	1	2.59	1.32
2528798	8	63083	65535	65535	1	2.59	1.32
2528807	9	63083	65535	65535	1	2.59	1.32
2528815	8	63083	65535	65535	1	2.59	1.32
2528823	8	63083	65535	65535	1	2.59	1.32
2528832	9	63083	65535	65535	1	2.59	1.32
2528841	9	63083	65535	65535	1	2.59	1.32
2528849	8	63083	65535	65535	1	2.59	1.32
2528857	8	63083	65535	65535	1	2.59	1.32
2528865	8	63083	65535	65535	1	2.59	1.32
2528874	9	63083	65535	65535	1	2.59	1.32
2528882	8	63083	65535	65535	1	2.59	1.32
2528891	9	63083	65535	65535	1	2.59	1.32
2528899	8	63083	65535	65535	1	2.59	1.32
2528908	9	63083	65535	65535	1	2.59	1.32
2528916	8	63083	65535	65535	1	2.59	1.32
2528924	8	63083	65535	65535	1	2.59	1.32
2528933	9	63083	65535	65535	1	2.59	1.32
2528942	9	63083	65535	65535	1	2.59	1.32
2528951	9	63083	65535	65535	1	2.59	1.32
2528959	8	63083	65535	65535	1	2.59	1.32
2528967	8	63083	65535	65535	1	2.59	1.32
2528976	9	63083	65535	65535	1	2.59	1.32
2528984	8	63083	65535	65535	1	2.59	1.32
2528993	9	63083	65535	65535	1	2.59	1.32
2529001	8	63083	65535	65535	1	2.59	1.32
2529010	9	63083	65535	65535	1	2.59	1.32
2529018	8	63083	65535	65535	1	2.59	1.32
2529026	8	63083	65535	65535	1	2.59	1.32
2529034	8	63083	65535	65535	1	2.59	1.32
2529043	9	63083	65535	65535	1	2.59	1.32
2529052	9	63083	65535	65535	1	2.59	1.32
2529060	8	63083	65535	65535	1	2.59	1.32
2529068	8	63083	65535	65535	1	2.59	1.32
2529077	9	63083	65535	65535	1	2.59	1.32
2529085	8	63083	65535	65535	1	2.59	1.32
2529093	8	63083	65535	65535	1	2.59	1.32
2529101	8	63083	65535	65535	1	2.59	1.32
2529110	9	63083	65535	65535	1	2.59	1.32
2529118	8	63083	65535	65535	1	2.59	1.32
2529126	8	63083	65535	65535	1	2.59	1.32
2529134	8	63083	65535	65535	1	2.59	1.32
2529142	8	63083	65535	65535	1	2.59	1.32
2529151	9	63083	65535	65535	1	2.59	1.32
2529159	8	63083	65535	65535	1	2.59	1.32
2529167	8	63083	65535	65535	1	2.59	1.32
2529175	8	63083	65535	65535	1	2.59	1.32
2529183	8	63083	65535	65535	1	2.59	1.32
2529191	8	63083	65535	65535	1	2.59	1.32
2529200	9	63083	65535	65535	1	2.59	1.32
2529209	9	63083	65535	65535	1	2.59	1.32
2529217	8	63083	65535	65535	1	2.59	1.32
2529225	8	63083	65535	65535	1	2.59	1.32
2529234	9	63083	65535	65535	1	2.59	1.32
2529242	8	63083	65535	65535	1	2.59	1.32
2529250	8	63083	65535	65535	1	2.59	1.32
2529258	8	63083	65535	65535	1	2.59	1.32
2529268	10	63083	65535	65535	1	2.59	1.32
2529276	8	63083	65535	65535	1	2.59	1.32
2529284	8	63083	65535	65535	1	2.59	1.32
2529292	8	63083	65535	65535	1	2.59	1.32
2529301	9	63083	65535	65535	1	2.59	1.32
2529310	9	63083	65535	65535	1	2.59	1.32
Start sampling!
8	8	63083	65535	65535	1	2.59	1.32
17	9	63083	65535	65535	1	2.59	1.32
26	9	63083	65535	65535	1	2.59	1.32
35	9	63083	65535	65535	1	2.59	1.32
43	8	63083	65535	65535	1	2.59	1.32
51	8	63083	65535	65535	1	2.59	1.32
61	10	63083	65535	65535	1	2.59	1.32
69	8	63083	65535	65535	1	2.59	1.32
78	9	63083	65535	65535	1	2.59	1.32
86	8	63083	65535	65535	1	2.59	1.32
96	10	63083	65535	65535	1	2.59	1.32
104	8	63083	65535	65535	1	2.59	1.32
112	8	63083	65535	65535	1	2.59	1.32
121	9	63083	65535	65535	1	2.59	1.32
130	9	63083	65535	65535	1	2.59	1.32
139	9	63083	65535	65535	1	2.59	1.32
147	8	63083	65535	65535	1	2.59	1.32
155	8	63083	65535	65535	1	2.59	1.32
165	10	63083	65535	65535	1	2.59	1.32
173	8	63083	65535	65535	1	2.59	1.32
182	9	63083	65535	65535	1	2.59	1.32
190	8	63083	65535	65535	1	2.59	1.32
200	10	63083	65535	65535	1	2.59	1.32
208	8	63083	65535	65535	1	2.59	1.32
216	8	63083	65535	65535	1	2.59	1.32
225	9	63083	65535	65535	1	2.59	1.32
234	9	63083	65535	65535	1	2.59	1.32
243	9	63083	65535	65535	1	2.59	1.32
251	8	63083	65535	65535	1	2.59	1.32
260	9	63083	65535	65535	1	2.59	1.32
269	9	63083	65535	65535	1	2.59	1.32
277	8	63083	65535	65535	1	2.59	1.32
286	9	63083	65535	65535	1	2.59	1.32
294	8	63083	65535	65535	1	2.59	1.32
304	10	63083	65535	65535	1	2.59	1.32
312	8	63083	65535	65535	1	2.59	1.32
320	8	63083	65535	65535	1	2.59	1.32
329	9	63083	65535	65535	1	2.59	1.32
337	8	63083	65535	65535	1	2.59	1.32
346	9	63083	65535	65535	1	2.59	1.32
354	8	63083	65535	65535	1	2.59	1.32
363	9	63083	65535	65535	1	2.59	1.32
371	8	63083	65535	65535	1	2.59	1.32
379	8	63083	65535	65535	1	2.59	1.32
388	9	63083	65535	65535	1	2.59	1.32
396	8	63083	65535	65535	1	2.59	1.32
405	9	63083	65535	65535	1	2.59	1.32
413	8	63083	65535	65535	1	2.59	1.32
422	9	63083	65535	65535	1	2.59	1.32
430	8	63083	65535	65535	1	2.59	1.32
438	8	63083	65535	65535	1	2.59	1.32
447	9	63083	65535	65535	1	2.59	1.32
455	8	63083	65535	65535	1	2.59	1.32
465	10	63083	65535	65535	1	2.59	1.32
473	8	63083	65535	65535	1	2.59	1.32
481	8	63083	65535	65535	1	2.59	1.32
489	8	63083	65535	65535	1	2.59	1.32
498	9	63083	65535	65535	1	2.59	1.32
507	9	63083	65535	65535	1	2.59	1.32
515	8	63083	65535	65535	1	2.59	1.32
524	9	63083	65535	65535	1	2.59	1.32
533	9	63083	65535	65535	1	2.59	1.32
541	8	63083	65535	65535	1	2.59	1.32
550	9	63083	65535	65535	1	2.59	1.32
558	8	63083	65535	65535	1	2.59	1.32
568	10	63083	65535	65535	1	2.59	1.32
576	8	63083	65535	65535	1	2.59	1.32
585	9	63083	65535	65535	1	2.59	1.32
593	8	63083	65535	65535	1	2.59	1.32
602	9	63083	65535	65535	1	2.59	1.32
611	9	63083	65535	65535	1	2.59	1.32
619	8	63083	65535	65535	1	2.59	1.32
628	9	63083	65535	65535	1	2.59	1.32
637	9	63083	65535	65535	1	2.59	1.32
645	8	63083	65535	65535	1	2.59	1.32
653	8	63083	65535	65535	1	2.59	1.32
661	8	63083	65535	65535	1	2.59	1.32
671	10	63083	65535	65535	1	2.59	1.32
679	8	63083	65535	65535	1	2.59	1.32
688	9	63083	65535	65535	1	2.59	1.32
696	8	63083	65535	65535	1	2.59	1.32
705	9	63083	65535	65535	1	2.59	1.32
714	9	63083	65535	65535	1	2.59	1.32
722	8	63083	65535	65535	1	2.59	1.32
731	9	63083	65535	65535	1	2.59	1.32
740	9	63083	65535	65535	1	2.59	1.32
749	9	63083	65535	65535	1	2.59	1.32
757	8	63083	65535	65535	1	2.59	1.32
765	8	63083	65535	65535	1	2.59	1.32
775	10	63083	65535	65535	1	2.59	1.32
783	8	63083	65535	65535	1	2.59	1.32
792	9	63083	65535	65535	1	2.59	1.32
800	8	63083	65535	65535	1	2.59	1.32
810	10	63083	65535	65535	1	2.59	1.32
818	8	63083	65535	65535	1	2.59	1.32
826	8	63083	65535	65535	1	2.59	1.32
835	9	63083	65535	65535	1	2.59	1.32
844	9	63083	65535	65535	1	2.59	1.32
853	9	63083	65535	65535	1	2.59	1.32
861	8	63083	65535	65535	1	2.59	1.32
869	8	63083	65535	65535	1	2.59	1.32
879	10	63083	65535	65535	1	2.59	1.32
887	8	63083	65535	65535	1	2.59	1.32
896	9	63083	65535	65535	1	2.59	1.32
904	8	63083	65535	65535	1	2.59	1.32
913	9	63083	65535	65535	1	2.59	1.32
921	8	63083	65535	65535	1	2.59	1.32
929	8	63083	65535	65535	1	2.59	1.32
938	9	63083	65535	65535	1	2.59	1.32
946	8	63083	65535	65535	1	2.59	1.32
955	9	63083	65535	65535	1	2.59	1.32
963	8	63083	65535	65535	1	2.59	1.32
972	9	63083	65535	65535	1	2.59	1.32
980	8	63083	65535	65535	1	2.59	1.32
988	8	63083	65535	65535	1	2.59	1.32
997	9	63083	65535	65535	1	2.59	1.32
1006	9	63083	65535	65535	1	2.59	1.32
1015	9	63083	65535	65535	1	2.59	1.32
1023	8	63083	65535	65535	1	2.59	1.32
1031	8	63083	65535	65535	1	2.59	1.32
1040	9	63083	65535	65535	1	2.59	1.32
1048	8	63083	65535	65535	1	2.59	1.32
1057	9	63083	65535	65535	1	2.59	1.32
1065	8	63083	65535	65535	1	2.59	1.32
1075	10	63083	65535	65535	1	2.59	1.32
1083	8	63083	65535	65535	1	2.59	1.32
1091	8	63083	65535	65535	1	2.59	1.32
1100	9	63083	65535	65535	1	2.59	1.32
1109	9	63083	65535	65535	1	2.59	1.32
1118	9	63083	65535	65535	1	2.59	1.32
1126	8	63083	65535	65535	1	2.59	1.32
1134	8	63083	65535	65535	1	2.59	1.32
1143	9	63083	65535	65535	1	2.59	1.32
1151	8	63083	65535	65535	1	2.59	1.32
1160	9	63083	65535	65535	1	2.59	1.32
1168	8	63083	65535	65535	1	2.59	1.32
1178	10	63083	65535	65535	1	2.59	1.32
1186	8	63083	65535	65535	1	2.59	1.32
1194	8	63083	65535	65535	1	2.59	1.32
1202	8	63083	65535	65535	1	2.59	1.32
1211	9	63083	65535	65535	1	2.59	1.32
1220	9	63083	65535	65535	1	2.59	1.32
1228	8	63083	65535	65535	1	2.59	1.32
1237	9	63083	65535	65535	1	2.59	1.32
1246	9	63083	65535	65535	1	2.59	1.32
1254	8	63083	65535	65535	1	2.59	1.32
1263	9	63083	65535	65535	1	2.59	1.32
1271	8	63083	65535	65535	1	2.59	1.32
1281	10	63083	65535	65535	1	2.59	1.32
1289	8	63083	65535	65535	1	2.59	1.32
1298	9	63083	65535	65535	1	2.59	1.32
1306	8	63083	65535	65535	1	2.59	1.32
1315	9	63083	65535	65535	1	2.59	1.32
1324	9	63083	65535	65535	1	2.59	1.32
1332	8	63083	65535	65535	1	2.59	1.32
1341	9	63083	65535	65535	1	2.59	1.32
1350	9	63083	65535	65535	1	2.59	1.32
1358	8	63083	65535	65535	1	2.59	1.32
1366	8	63083	65535	65535	1	2.59	1.32
1374	8	63083	65535	65535	1	2.59	1.32
1384	10	63083	65535	65535	1	2.59	1.32
1392	8	63083	65535	65535	1	2.59	1.32
1401	9	63083	65535	65535	1	2.59	1.32
1409	8	63083	65535	65535	1	2.59	1.32
1417	8	63083	65535	65535	1	2.59	1.32
1426	9	63083	65535	65535	1	2.59	1.32
1434	8	63083	65535	65535	1	2.59	1.32
1443	9	63083	65535	65535	1	2.59	1.32
1451	8	63083	65535	65535	1	2.59	1.32
1460	9	63083	65535	65535	1	2.59	1.32
1468	8	63083	65535	65535	1	2.59	1.32
1476	8	63083	65535	65535	1	2.59	1.32
1485	9	63083	65535	65535	1	2.59	1.32
1493	8	63083	65535	65535	1	2.59	1.32
1502	9	63083	65535	65535	1	2.59	1.32
1510	8	63083	65535	65535	1	2.59	1.32
1518	8	63083	65535	65535	1	2.59	1.32
1526	8	63083	65535	65535	1	2.59	1.32
1534	8	63083	65535	65535	1	2.59	1.32
1544	10	63083	65535	65535	1	2.59	1.32
1552	8	63083	65535	65535	1	2.59	1.32
1561	9	63083	65535	65535	1	2.59	1.32
1569	8	63083	65535	65535	1	2.59	1.32
1578	9	63083	65535	65535	1	2.59	1.32
1587	9	63083	65535	65535	1	2.59	1.32
1595	8	63083	65535	65535	1	2.59	1.32
1604	9	63083	65535	65535	1	2.59	1.32
1613	9	63083	65535	65535	1	2.59	1.32
1622	9	63083	65535	65535	1	2.59	1.32
1630	8	63083	65535	65535	1	2.59	1.32
1638	8	63083	65535	65535	1	2.59	1.32
1648	10	63083	65535	65535	1	2.59	1.32
1656	8	63083	65535	65535	1	2.59	1.32
1665	9	63083	65535	65535	1	2.59	1.32
1673	8	63083	65535	65535	1	2.59	1.32
1682	9	63083	65535	65535	1	2.59	1.32
1690	8	63083	65535	65535	1	2.59	1.32
1698	8	63083	65535	65535	1	2.59	1.32
1707	9	63083	65535	65535	1	2.59	1.32
1716	9	63083	65535	65535	1	2.59	1.32
1725	9	63083	65535	65535	1	2.59	1.32
1733	8	63083	65535	65535	1	2.59	1.32
1741	8	63083	65535	65535	1	2.59	1.32
1750	9	63083	65535	65535	1	2.59	1.32
1758	8	63083	65535	65535	1	2.59	1.32
1767	9	63083	65535	65535	1	2.59	1.32
1775	8	63083	65535	65535	1	2.59	1.32
1785	10	63083	65535	65535	1	2.59	1.32
1793	8	63083	65535	65535	1	2.59	1.32
1801	8	63083	65535	65535	1	2.59	1.32
1810	9	63083	65535	65535	1	2.59	1.32
1819	9	63083	65535	65535	1	2.59	1.32
1828	9	63083	65535	65535	1	2.59	1.32
1836	8	63083	65535	65535	1	2.59	1.32
1845	9	63083	65535	65535	1	2.59	1.32
1854	9	63083	65535	65535	1	2.59	1.32
1862	8	63083	65535	65535	1	2.59	1.32
1871	9	63083	65535	65535	1	2.59	1.32
1879	8	63083	65535	65535	1	2.59	1.32
1889	10	63083	65535	65535	1	2.59	1.32
1897	8	63083	65535	65535	1	2.59	1.32
1905	8	63083	65535	65535	1	2.59	1.32
1913	8	63083	65535	65535	1	2.59	1.32
1922	9	63083	65535	65535	1	2.59	1.32
1931	9	63083	65535	65535	1	2.59	1.32
1939	8	63083	65535	65535	1	2.59	1.32
1948	9	63083	65535	65535	1	2.59	1.32
1957	9	63083	65535	65535	1	2.59	1.32
1965	8	63083	65535	65535	1	2.59	1.32
1974	9	63083	65535	65535	1	2.59	1.32
1982	8	63083	65535	65535	1	2.59	1.32
1992	10	63083	65535	65535	1	2.59	1.32
2000	8	63083	65535	65535	1	2.59	1.32
2009	9	63083	65535	65535	1	2.59	1.32
2017	8	63083	65535	65535	1	2.59	1.32
2025	8	63083	65535	65535	1	2.59	1.32
2034	9	63083	65535	65535	1	2.59	1.32
2042	8	63083	65535	65535	1	2.59	1.32
2051	9	63083	65535	65535	1	2.59	1.32
2059	8	63083	65535	65535	1	2.59	1.32
2067	8	63083	65535	65535	1	2.59	1.32
2075	8	63083	65535	65535	1	2.59	1.32
2083	8	63083	65535	65535	1	2.59	1.32
2092	9	63083	65535	65535	1	2.59	1.32
2100	8	63083	65535	65535	1	2.59	1.32
2109	9	63083	65535	65535	1	2.59	1.32
2118	9	63083	65535	65535	1	2.59	1.32
2126	8	63083	65535	65535	1	2.59	1.32
2135	9	63083	65535	65535	1	2.59	1.32
2143	8	63083	65535	65535	1	2.59	1.32
2153	10	63083	65535	65535	1	2.59	1.32
2161	8	63083	65535	65535	1	2.59	1.32
2170	9	63083	65535	65535	1	2.59	1.32
2178	8	63083	65535	65535	1	2.59	1.32
2187	9	63083	65535	65535	1	2.59	1.32
2196	9	63083	65535	65535	1	2.59	1.32
2204	8	63083	65535	65535	1	2.59	1.32
2213	9	63083	65535	65535	1	2.59	1.32
2222	9	63083	65535	65535	1	2.59	1.32
2230	8	63083	65535	65535	1	2.59	1.32
2238	8	63083	65535	65535	1	2.59	1.32
2246	8	63083	65535	65535	1	2.59	1.32
2256	10	63083	65535	65535	1	2.59	1.32
2264	8	63083	65535	65535	1	2.59	1.32
2273	9	63083	65535	65535	1	2.59	1.32
2281	8	63083	65535	65535	1	2.59	1.32
2290	9	63083	65535	65535	1	2.59	1.32
2298	8	63083	65535	65535	1	2.59	1.32
2306	8	63083	65535	65535	1	2.59	1.32
2315	9	63083	65535	65535	1	2.59	1.32
2324	9	63083	65535	65535	1	2.59	1.32
2333	9	63083	65535	65535	1	2.59	1.32
2341	8	63083	65535	65535	1	2.59	1.32
2349	8	63083	65535	65535	17537	2.04	1.32
2359	10	15057	65535	311	1	543.74	2.11
2367	8	15057	16847	7965	1	21.30	5.32
2376	9	9313	16590	1763	3	96.06	6.55
2384	8	9312	12958	111	1	1514.70	7.62
2393	9	7316	12959	1344	1	126.13	8.37
2401	8	7317	10614	3316	7261	16.04	9.46
2409	8	6391	9094	3317	7516	15.66	10.96
2418	9	5695	8839	8554	6519	11.25	11.67
2427	9	5352	8017	7469	5786	12.80	12.69
2436	9	5353	7164	7489	5146	13.43	13.55
2444	8	4909	7051	6687	4721	14.87	14.18
2452	8	4571	6825	6271	4820	15.30	14.89
2461	9	4168	6392	5856	4923	15.74	16.06
2469	8	4061	5824	5538	4127	17.55	17.16
2478	9	3884	5521	5433	4133	17.73	18.04
2486	8	3924	5121	5286	3814	18.64	18.76
2495	9	3320	5377	5055	3754	19.26	19.51
2503	8	3314	5139	4882	4047	19.00	20.07
2511	8	3442	4636	4563	3599	20.78	21.00
2520	9	3249	4203	4253	3491	21.91	22.77
2528	8	3110	5065	4527	3100	22.24	20.75
2537	9	2893	4226	4250	3570	21.69	23.83
2545	8	2931	4157	3772	3217	24.27	23.93
2553	8	2927	3801	3806	2708	26.04	25.21
2561	8	2848	4328	3906	2842	25.14	23.64
2569	8	2699	4168	3918	3261	23.63	24.70
2578	9	2698	3907	4027	3041	24.00	25.68
2586	8	2749	3838	3797	2822	25.63	25.75
2595	9	2681	4377	3757	3111	24.70	24.04
2603	8	2621	3841	3798	2710	26.07	26.25
2611	8	2619	3803	3230	3066	26.95	26.42
2619	8	2622	3588	3927	2626	25.89	27.32
2627	8	2266	3908	3611	2766	26.60	27.48
2636	9	2816	3749	3273	2852	27.70	25.84
2644	8	2848	3616	3375	2660	28.11	26.24
2653	9	2290	3667	3547	2583	27.67	28.48
2661	8	2465	3668	3877	2832	25.29	27.66
2669	8	2503	3643	3332	2697	28.14	27.60
2678	9	2271	3961	3533	2272	29.22	27.22
2687	9	2429	4024	3478	2913	26.54	26.29
2696	9	2471	3608	3400	2763	27.53	27.91
2704	8	2539	3534	3243	2587	29.10	27.93
2712	8	2466	3799	1526	2619	40.93	27.08
2721	9	2440	3326	3529	2766	26.95	29.42
2729	8	2510	3498	3519	2643	27.53	28.24
2738	9	2495	3803	3432	2244	29.89	26.94
2746	8	2389	3697	3437	3003	26.34	27.87
2756	10	2426	3534	3342	2623	28.44	28.46
2764	8	2474	3885	3179	2550	29.61	26.68
2772	8	2447	3681	3404	2848	27.13	27.68
2780	8	2413	3520	3583	2698	27.01	28.59
2789	9	2480	3456	3215	2280	30.87	28.58
2798	9	2437	3752	3388	2841	27.23	27.41
2806	8	2404	3274	3477	2722	27.37	29.88
2814	8	2406	3443	3206	2601	29.21	29.00
2823	9	2454	3601	3376	2460	29.07	28.02
2831	8	2361	3656	3380	2973	26.70	28.19
2840	9	2402	3494	3562	2592	27.57	28.77
2848	8	2448	3845	3140	2450	30.35	26.96
2858	10	2355	3646	3370	2821	27.40	28.27
2866	8	2395	3490	3554	2677	27.23	28.83
2874	8	2458	3428	3135	2263	31.43	28.82
2882	8	2419	3726	3360	2817	27.46	27.61
2891	9	2390	3251	3454	2671	27.70	30.07
2900	9	2453	3421	3187	2583	29.40	28.88
2908	8	2440	3972	3354	2444	29.26	26.46
2917	9	2350	3639	3446	2702	27.59	28.33
2926	9	2391	3480	3286	2581	28.92	28.90
2934	8	2440	3578	3125	2442	30.47	28.19
2942	8	2349	3635	3358	2811	27.50	28.35
2950	8	2385	3474	3541	2665	27.34	28.95
2960	10	2447	3572	3121	2250	31.59	28.19
2968	8	2407	3965	3352	3065	26.44	26.62
2976	8	2384	3241	3438	2665	27.80	30.16
2984	8	2449	3415	3175	2251	31.27	28.93
2993	9	2409	3968	267	2440	62.67	26.60
3001	8	2345	3237	3442	2696	27.64	30.39
3009	8	2387	3473	3174	2577	29.50	28.95
3018	9	2432	3572	3374	2438	29.19	28.26
3027	9	2341	3626	3348	2695	28.07	28.43
3035	8	2380	3468	3535	2575	27.77	29.01
3043	8	2430	3569	3114	2246	31.65	28.28
3051	8	2407	3626	3348	3063	26.46	28.12
3061	10	2383	3493	3536	2660	27.38	28.87
3069	8	2447	3414	3172	2250	31.29	28.94
3078	9	2406	3960	3346	3062	26.47	26.65
3086	8	2381	3239	3438	2695	27.66	30.19
3094	8	2385	3410	3172	2576	29.51	29.27
3102	8	2432	3959	3343	2435	29.36	26.54
3110	8	2338	3620	3437	2689	27.69	28.47
3119	9	2378	3465	3528	2569	27.82	29.03
3127	8	2428	3566	3110	2431	30.62	28.30
3136	9	2343	3626	3347	2802	27.59	28.42
3144	8	2381	3473	3536	2658	27.39	28.98
3152	8	2445	3412	3119	2247	31.62	28.96
3160	8	2411	3572	3354	3065	26.43	28.35
3168	8	2385	3243	3444	2664	27.77	30.14
3177	9	2447	3413	3177	2251	31.25	28.95
3185	8	2404	3958	3342	2436	29.36	26.67
3193	8	2340	3229	3434	2690	27.70	30.46
3201	8	2381	3467	3170	2573	29.54	29.01
3209	8	2431	3567	3368	2432	29.25	28.28
3219	10	2343	3631	3347	2693	28.09	28.40
3227	8	2384	3473	3534	2660	27.39	28.96
3236	9	2445	3573	3118	2247	31.62	28.19
3244	8	2409	3710	3351	3065	26.44	27.72
3253	9	2384	3237	3534	2660	27.39	30.18
3261	8	2447	3415	3173	2247	31.30	28.94
3269	8	2407	3962	3349	3063	26.46	26.64
3278	9	2383	3235	3434	2695	27.68	30.20
3287	9	2382	3411	3170	2572	29.54	29.28
3296	9	2432	3569	3341	2435	29.37	28.27
3304	8	2340	3627	3346	2692	28.10	28.43
3312	8	2385	3472	3530	2572	27.80	28.96
3321	9	2434	3571	3112	2435	30.58	28.25
3329	8	2406	3627	3346	3063	26.47	28.12
3338	9	2384	3474	3537	2660	27.38	28.96
3346	8	2447	3412	3117	2246	31.63	28.95
3355	9	2407	3966	3344	3062	26.48	26.62
3363	8	2383	3239	3443	2665	27.77	30.18
3371	8	2445	3412	3175	2063	32.39	28.96
3380	9	2435	3962	3346	2436	29.34	26.52
3389	9	2344	3625	3438	2695	27.66	28.42
3398	9	2385	3470	3171	2574	29.53	28.97
3406	8	2434	3570	3371	2434	29.22	28.26
3414	8	2343	3631	3350	2690	28.09	28.40
3423	9	2385	3474	3535	2661	27.38	28.95
3431	8	2446	3572	3117	2250	31.61	28.19
3440	9	2408	3706	3348	3065	26.45	27.75
3448	8	2385	3240	3439	2660	27.82	30.16
3458	10	2446	3414	3174	2250	31.28	28.95
3466	8	2407	3963	3349	3062	26.46	26.63
3474	8	2341	3235	3434	2693	27.69	30.42
3482	8	2383	3411	3170	2570	29.56	29.28
3491	9	2432	3571	3340	2434	29.38	28.26
3500	9	2343	3629	3348	2693	28.08	28.41
3508	8	2384	3475	3532	2575	27.78	28.95
3516	8	2436	3574	3115	2437	30.56	28.23
3525	9	2411	3632	3348	3069	26.44	28.07
3533	8	2387	3496	3539	2665	27.34	28.84
3541	8	2448	3419	3121	2248	31.60	28.92
3549	8	2411	3967	3346	3067	26.45	26.60
3559	10	2384	3236	3440	2663	27.80	30.19
3567	8	2384	3409	3175	2571	29.52	29.28
3575	8	2433	3960	3340	2435	29.38	26.54
3583	8	2343	3629	3437	2693	27.67	28.41
3592	9	2384	3473	3173	2575	29.51	28.96
3601	9	2434	3575	3113	2434	30.58	28.23
3609	8	2346	3634	3348	2693	28.08	28.37
3618	9	2387	3478	3538	2664	27.35	28.93
3626	8	2448	3419	3120	2256	31.56	28.92
3634	8	2410	3969	3351	3068	26.43	26.59
3642	8	2386	3241	3444	2662	27.78	30.15
3650	8	2446	3412	3177	2250	31.26	28.96
3659	9	2407	3961	3349	2944	26.96	26.64
3667	8	2343	3232	3436	2688	27.70	30.43
3676	9	2383	3470	3168	2571	29.56	28.98
3684	8	2431	3573	3338	2434	29.39	28.26
3692	8	2347	3633	3345	2695	28.09	28.37
3699	7	2386	25956	3533	2577	27.77	5.99
3708	9	2450	3579	3117	2511	30.14	28.14
3718	10	2413	3717	3353	3071	26.41	27.67
3726	8	2389	3249	3543	2670	27.31	30.09
3734	8	2453	3416	3126	2259	31.50	28.91
3742	8	2410	3965	3348	3070	26.43	26.61
3751	9	2344	3236	3440	2667	27.78	30.40
3760	9	2384	3415	3176	2576	29.49	29.25
3768	8	2435	3574	3345	2441	29.32	28.23
3777	9	2346	3632	3438	2696	27.66	28.38
3786	9	2385	3477	3282	2574	28.97	28.94
3794	8	2436	3574	3118	2437	30.54	28.23
3802	8	2411	3634	3351	2814	27.52	28.06
3810	8	2388	3498	3536	2668	27.34	28.82
3820	10	2450	3417	3119	2256	31.56	28.92
3828	8	2410	3969	3352	2817	27.50	26.59
3837	9	2385	3241	3442	2666	27.77	30.15
3845	8	2448	3416	3176	2255	31.24	28.93
3854	9	2437	3966	3346	2436	29.34	26.49
3862	8	2343	3635	3441	2690	27.67	28.38
3870	8	2386	3478	3178	2573	29.50	28.93
3879	9	2437	3577	3373	2437	29.20	28.21
3888	9	2346	3639	3350	2697	28.05	28.35
3896	8	2387	3483	3536	2577	27.75	28.90
3904	8	2450	3578	3120	2259	31.54	28.14
3912	8	2413	3971	3356	3069	26.40	26.57
3922	10	2388	3241	3540	2670	27.32	30.14
3930	8	2451	3416	3178	2258	31.21	28.92
3939	9	2411	3965	3351	3067	26.43	26.61
3947	8	2344	3236	3439	2696	27.65	30.40
3956	9	2387	3476	3176	2572	29.51	28.94
3964	8	2434	3578	3344	2437	29.35	28.22
3972	8	2349	3637	3440	2951	26.54	28.34
3981	9	2389	3480	3536	2577	27.75	28.91
3990	9	2451	3580	2	2181	77.71	28.13
3999	9	2412	3716	3098	2816	28.69	27.68
4007	8	2391	3243	3538	2672	27.32	30.11
4015	8	2453	3419	3119	2261	31.53	28.89
4024	9	2412	3969	3350	2817	27.51	26.59
4032	8	2388	3241	3444	2667	27.76	30.14
4041	9	2384	3415	3176	2060	32.40	29.25
4049	8	2436	3576	3350	2434	29.33	28.22
4058	9	2345	3637	3445	2694	27.63	28.36
4066	8	2388	3480	3180	2574	29.48	28.91
4074	8	2437	3581	3119	2439	30.52	28.19
4083	9	2414	3636	3355	2699	28.02	28.04
4092	9	2390	3480	3541	2670	27.31	28.90
4101	9	2453	3416	3121	2256	31.55	28.91
4109	8	2412	3972	3355	3071	26.40	26.57
4117	8	2386	3241	3448	2668	27.74	30.15
4126	9	2450	3416	3181	2258	31.19	28.92
4134	8	2436	3966	3350	3071	26.42	26.50
4143	9	2349	3637	3444	2696	27.63	28.34
4151	8	2388	3480	3182	2574	29.47	28.91
4161	10	2439	3581	3351	2439	29.30	28.18
4169	8	2348	3639	3357	2950	26.90	28.34
4177	8	2391	3483	3543	2574	27.73	28.88
4185	8	2455	3579	3120	2516	30.10	28.12
4193	8	2415	3968	3357	3069	26.40	26.58
4202	9	2391	3242	3538	2668	27.34	30.12
4210	8	2452	3417	3180	2257	31.20	28.91
4218	8	2413	3969	3353	3069	26.42	26.58
4226	8	2347	3243	3449	2670	27.72	30.35
4234	8	2388	3483	3185	2573	29.46	28.90
4242	8	2439	3582	3353	2438	29.29	28.18
